   3 |   6 | 119.60 | 2013-10-30
   1 |   2 |  38.00 | 2013-10-30
   4 |   4 | 119.40 | 2013-10-31
   5 |   6 | 194.40 | 2013-10-31
   6 |   9 | 213.10 | 2013-11-02
   7 |   1 |  19.00 | 2013-11-02
   8 |   3 |  82.40 | 2013-11-02
   9 |   3 |  85.40 | 2013-11-05
  10 |   3 |  75.00 | 2013-11-06
  11 |   7 | 139.70 | 2013-11-07
  12 |   7 | 160.00 | 2013-11-08
  14 |   2 |  50.00 | 2013-11-09
  13 |   2 |  54.00 | 2013-11-09
  17 |   5 | 114.70 | 2013-11-12
  18 |   9 | 248.60 | 2013-11-12
  16 |   6 | 175.00 | 2013-11-12
  19 |   1 |  18.00 | 2013-11-12
  15 |   3 |  88.00 | 2013-11-12
  20 |   1 |  15.00 | 2013-11-13
  22 |   3 |  95.70 | 2013-11-14
  23 |   6 | 164.20 | 2013-11-15
  25 |   1 |  15.00 | 2013-11-16
  24 |   6 | 175.10 | 2013-11-16
  28 |   5 |  93.00 | 2013-11-17
  27 |   4 | 103.60 | 2013-11-17
  26 |   1 |  27.70 | 2013-11-17
  29 |   7 | 162.70 | 2013-11-18
  30 |   6 | 150.40 | 2013-11-19
  31 |   2 |  54.00 | 2013-11-19
  32 |   1 |  17.50 | 2013-11-20
  33 |   6 | 140.60 | 2013-11-21
  34 |   5 | 140.00 | 2013-11-22
  35 |   7 | 192.90 | 2013-11-23
  36 |   9 | 233.00 | 2013-11-24
  37 |   1 |  32.20 | 2013-11-24
  39 |   3 | 100.20 | 2013-11-25
  40 |   5 | 143.40 | 2013-11-25
  38 |   3 |  81.70 | 2013-11-25
  43 |   1 |  20.00 | 2013-11-26
  42 |   8 | 210.00 | 2013-11-26
  41 |   7 | 156.00 | 2013-11-26
  44 |   3 |  98.40 | 2013-11-27
  46 |   5 | 120.00 | 2013-11-27
  47 |  14 | 369.30 | 2013-11-27
  45 |   5 |  78.40 | 2013-11-27
  49 |   2 |  36.00 | 2013-12-05
  50 |   3 |  97.70 | 2013-12-05
  52 |   4 |  66.40 | 2013-12-06
  53 |   8 | 229.20 | 2013-12-06
  54 |   8 | 201.10 | 2013-12-06
  55 |   1 |  27.70 | 2013-12-06
  56 |   3 |  48.00 | 2013-12-06
  51 |   3 |  62.20 | 2013-12-06
  57 |   4 |  97.00 | 2013-12-06
  61 |   2 |  35.00 | 2013-12-07
  58 |   6 | 162.00 | 2013-12-07
  62 |   3 |  84.40 | 2013-12-07
  64 |   5 | 149.20 | 2013-12-07
  59 |   7 | 178.20 | 2013-12-07
  63 |   4 | 105.20 | 2013-12-07
  60 |   8 | 175.50 | 2013-12-07
  68 |   3 |  91.40 | 2013-12-08
  71 |   7 | 154.20 | 2013-12-08
  70 |   6 | 143.90 | 2013-12-08
  67 |   1 |  27.70 | 2013-12-08
  66 |   9 | 232.00 | 2013-12-08
  65 |   7 | 198.70 | 2013-12-08
  69 |   4 | 106.00 | 2013-12-08
  75 |   4 | 120.00 | 2013-12-09
  78 |   9 | 267.40 | 2013-12-09
  74 |   2 |  31.50 | 2013-12-09
  76 |   6 | 123.00 | 2013-12-09
  73 |   2 |  55.40 | 2013-12-09
  72 |   5 | 127.10 | 2013-12-09
  77 |   7 | 135.60 | 2013-12-09
  84 |   9 | 194.30 | 2013-12-10
  83 |   6 | 145.90 | 2013-12-10
  85 |   1 |  21.00 | 2013-12-10
  79 |   1 |  43.00 | 2013-12-10
  80 |   3 |  90.40 | 2013-12-10
  82 |   6 | 171.30 | 2013-12-10
  81 |   3 | 104.00 | 2013-12-10
  90 |   8 | 154.70 | 2013-12-11
  86 |   3 |  67.20 | 2013-12-11
  92 |   2 |  48.40 | 2013-12-11
  91 |   2 |  35.00 | 2013-12-11
  88 |   6 | 127.70 | 2013-12-11
  89 |   6 | 141.10 | 2013-12-11
  87 |   4 |  78.00 | 2013-12-11
  98 |   3 |  73.40 | 2013-12-12
  93 |   5 | 140.40 | 2013-12-12
  97 |   1 |  18.00 | 2013-12-12
  96 |   9 | 215.50 | 2013-12-12
  95 |   7 | 185.40 | 2013-12-12
  99 |   3 |  81.90 | 2013-12-12
  94 |   5 | 140.20 | 2013-12-12
 105 |   5 | 118.00 | 2013-12-13
 104 |   3 |  55.70 | 2013-12-13
 106 |   5 | 116.50 | 2013-12-13
 102 |   8 | 203.90 | 2013-12-13
 101 |   7 | 174.20 | 2013-12-13
 103 |   1 |  19.00 | 2013-12-13
 100 |   6 | 132.70 | 2013-12-13
 109 |   2 |  70.00 | 2013-12-14
 110 |   3 |  84.20 | 2013-12-14
 111 |   4 |  94.70 | 2013-12-14
 112 |   5 | 129.00 | 2013-12-14
 107 |   6 | 156.60 | 2013-12-14
 108 |   8 | 212.20 | 2013-12-14
 113 |   8 | 222.90 | 2013-12-14
 119 |   7 | 148.60 | 2013-12-15
 120 |   8 | 190.20 | 2013-12-15
 116 |   3 |  53.00 | 2013-12-15
 115 |   1 |  15.00 | 2013-12-15
 117 |   4 |  85.20 | 2013-12-15
 118 |   6 | 162.90 | 2013-12-15
 114 |   7 | 161.90 | 2013-12-15
 123 |   4 | 119.40 | 2013-12-16
 127 |   1 |  19.00 | 2013-12-16
 122 |   3 |  58.20 | 2013-12-16
 121 |   2 |  64.40 | 2013-12-16
 124 |   5 | 126.00 | 2013-12-16
 125 |   7 | 224.10 | 2013-12-16
 126 |   9 | 247.00 | 2013-12-16
 129 |   4 | 101.40 | 2013-12-17
 133 |   2 |  28.00 | 2013-12-17
 131 |   7 | 199.00 | 2013-12-17
 132 |   7 | 156.70 | 2013-12-17
 130 |   6 | 152.70 | 2013-12-17
 128 |   3 |  67.00 | 2013-12-17
 134 |   9 | 175.40 | 2013-12-17
 140 |   3 |  68.20 | 2013-12-18
 139 |   1 |  18.00 | 2013-12-18
 138 |   9 | 290.40 | 2013-12-18
 137 |   7 | 188.60 | 2013-12-18
 141 |   3 |  98.40 | 2013-12-18
 148 |   6 | 142.00 | 2013-12-19
 145 |   1 |  18.00 | 2013-12-19
 146 |   3 |  66.00 | 2013-12-19
 144 |   9 | 232.70 | 2013-12-19
 142 |   5 | 143.80 | 2013-12-19
 147 |   4 |  92.00 | 2013-12-19
 143 |   6 | 157.20 | 2013-12-19
 149 |   7 | 158.00 | 2013-12-20
